30.7085561   35.0329026
   24.1231354    7.8432840
    0.9140771   40.3949759
    8.1118237   16.3860389
    5.3218963   23.4112614
   32.9692144   33.6490539
   12.2615280    8.1808340
   46.2598027   33.6251975
   32.3712236    4.5265112
   23.1108651   27.6990113
   21.2829031   29.0942035
   37.3267034   27.0353024
   14.8923880    9.4717274
   44.4105437   48.7202051
   48.0937707    0.0047768
    2.6962131   35.2562786
   46.6068423   10.9735778
   21.0219947   46.3037761
   34.8233092   40.6504434
   17.6969057   46.8131674
   27.6886695   24.4610570
   39.3104795    6.8307934
    9.8094744   13.4693382
   11.6075587    9.2466044
   27.8152892   22.2836405
    3.8018295   17.0059667
   49.9142799    3.6300803
   48.3154934   15.4528579
   21.3220472   25.3857984
   24.0031470   15.5566472
82.2799  -138.8391
  -145.1911   -56.1758
   -40.1074    99.8357
    78.8757    16.2112
   -37.2496   -35.5681
   -48.2320    56.2780
  -104.8179  -173.8775
    82.1892   -28.5705
    82.3552    32.6473
   -31.3312   -61.9380
   -21.6166    38.4136
  -134.4653  -140.9402
    89.4065    30.8826
   -53.5616    98.0435
    16.1589    49.7345
    77.8108    11.3744
   -40.1807   -24.1507
    -1.5237    53.0119
    27.6364    46.8194
  -104.1543   -32.8964
   -81.3248   103.0259
    23.6098    29.4054
   115.2841   102.3899
   -75.1032    -4.4428
     6.2540    19.6710
    23.6222    76.1339
   -65.2724    46.0638
   149.8255  -100.3282
   -83.0261   -10.0458
    66.0303   -63.5845
234.823    13.915
    14.424   564.469
   789.296   717.143
   929.745   673.832
   573.961    40.162
    82.946   988.477
   809.359   965.361
   664.208   335.055
   796.525   762.818
   599.887   107.259
